BR-100 3 1 341 018 16 27 04 000 009 -01 002 10
BR-101 1 3 669 024 10 25 02 002 006 -02 002 11
BR-102 3 2 862 018 12 11 01 007 017 -03 002 20
BR-103 2 2 427 017 23 19 02 006 007 -01 002 29
BR-104 2 3 916 013 18 10 01 010 015 -03 002 16
BR-105 1 3 251 024 27 12 03 001 016 -01 001 13
BR-106 2 3 818 023 13 21 03 000 007 -02 002 24
BR-107 3 1 311 015 29 10 01 006 015 -03 002 14
BR-108 3 1 388 016 10 27 03 009 022 -02 001 21
BR-109 3 1 687 018 20 15 04 008 010 -02 002 26
BR-110 1 3 474 022 12 22 03 010 020 -03 001 17
BR-111 1 2 231 020 28 23 03 007 010 -03 001 20
BR-112 3 3 296 018 27 24 03 004 006 -01 002 30
BR-113 3 2 134 021 29 21 02 003 004 -02 002 18
BR-114 3 3 415 021 25 22 04 000 019 -03 001 29
BR-115 1 1 129 019 21 27 02 009 019 -01 001 17
BR-116 3 3 564 013 21 25 03 007 016 -01 001 22
BR-117 3 3 556 018 13 10 01 007 014 -02 001 14
BR-118 2 3 901 024 22 18 01 008 016 -02 001 27
BR-119 3 3 914 012 19 13 02 005 022 -01 002 25
BR-120 3 1 280 012 23 25 02 010 019 -02 001 15
BR-121 3 2 116 017 28 19 01 008 011 -01 002 29
BR-122 2 2 855 018 29 17 01 010 017 -01 002 12
BR-123 3 3 703 017 14 10 02 001 021 -01 002 30
BR-124 2 1 412 018 18 29 02 009 018 -02 002 23
BR-125 3 3 360 016 10 24 04 011 023 -02 001 16
BR-126 1 2 367 015 16 26 01 011 015 -03 001 22
BR-127 3 3 710 020 19 11 04 005 010 -01 002 16
BR-128 3 1 131 013 24 11 01 008 015 -02 002 28
BR-129 1 1 991 020 18 12 04 007 019 -02 001 18
BR-130 3 3 228 024 18 15 01 011 021 -02 001 25
BR-131 3 3 346 022 26 23 03 008 012 -01 001 19
BR-132 2 2 961 018 10 29 04 008 016 -02 001 30
BR-133 2 2 436 015 10 10 03 007 009 -01 002 30
BR-134 3 2 233 023 29 16 03 004 013 -02 002 20
BR-135 1 2 483 014 13 27 03 002 007 -03 002 18
BR-136 2 3 742 022 15 18 01 011 021 -03 001 14
BR-137 3 3 232 019 28 25 02 010 018 -01 001 21
BR-138 1 1 454 016 14 15 02 004 010 -02 002 22
BR-139 2 1 763 017 15 24 02 011 018 -02 001 19
BR-140 1 1 535 022 11 21 04 005 018 -02 002 12
BR-141 3 1 523 015 23 13 04 006 010 -01 001 26
BR-142 2 3 670 022 12 23 01 000 020 -01 002 28
BR-143 1 1 886 012 20 22 04 003 010 -03 001 17
BR-144 1 1 614 012 11 20 03 008 019 -01 001 27
BR-145 3 3 731 017 12 16 01 006 016 -01 002 11
BR-146 2 2 712 023 24 15 04 011 015 -02 001 29
BR-147 2 3 250 012 28 17 02 003 016 -01 002 22
BR-148 3 3 395 022 13 19 04 002 008 -01 002 24
BR-149 2 3 982 013 23 17 03 000 001 -01 001 30
BR-150 2 1 205 017 17 18 01 008 010 -03 002 11
BR-151 2 3 422 015 14 20 03 007 009 -03 001 11
BR-152 2 1 818 024 10 28 02 002 004 -01 001 14
BR-153 1 1 571 014 20 25 02 009 014 -01 002 28
BR-154 3 3 758 024 11 13 02 003 021 -01 001 26
BR-155 3 1 516 020 14 26 02 001 005 -03 002 17
BR-156 2 1 992 021 22 13 01 005 006 -03 002 20
BR-157 1 1 881 021 14 27 04 004 016 -01 001 29
BR-158 2 3 930 023 28 13 02 006 017 -03 002 29
BR-159 1 3 838 021 23 21 01 002 011 -03 001 14
BR-160 1 2 207 020 17 20 02 004 022 -01 002 23
BR-161 3 1 630 024 24 25 01 002 023 -03 002 14
BR-162 2 1 521 018 13 19 03 003 004 -01 002 16
BR-163 2 1 738 015 18 28 03 003 017 -02 002 25
BR-164 3 3 642 012 14 12 04 009 022 -03 002 30
BR-165 1 2 552 018 29 22 04 007 010 -03 001 19
BR-166 1 2 769 021 27 14 03 003 008 -02 002 15
BR-167 3 3 652 012 10 26 04 006 014 -03 002 28
BR-168 1 2 826 024 17 29 01 009 012 -01 002 25
BR-169 2 2 177 015 24 23 02 006 016 -01 001 15
BR-170 2 2 398 016 29 18 03 008 015 -01 002 21
BR-171 2 1 680 021 29 25 03 000 006 -03 002 21
BR-172 1 1 886 016 23 18 04 002 019 -03 002 30
BR-173 3 2 818 017 10 22 03 004 008 -03 001 29
BR-174 3 1 916 021 28 22 03 005 006 -02 001 15
BR-175 2 1 207 018 23 25 01 007 009 -01 002 25
BR-176 2 2 290 022 10 19 01 010 019 -01 001 19
BR-177 2 1 465 015 25 19 01 001 010 -01 001 28
BR-178 2 2 766 017 23 22 04 010 012 -02 001 30
BR-179 1 3 289 018 15 21 03 007 017 -02 002 27
BR-180 1 1 789 022 27 28 04 004 023 -03 001 15
BR-181 1 1 213 020 21 12 01 008 021 -02 002 13
BR-182 3 1 599 016 11 18 04 001 016 -01 001 21
BR-183 1 2 206 017 14 22 04 005 007 -02 001 25
BR-184 2 2 842 024 12 19 03 003 020 -01 001 15
BR-185 3 3 864 021 18 11 04 002 008 -03 001 14
BR-186 3 3 625 024 15 22 03 003 012 -03 001 17
BR-187 3 2 305 018 17 22 01 002 013 -02 001 18
BR-188 2 2 226 020 14 18 02 008 013 -03 001 27
BR-189 3 1 825 023 16 19 01 008 017 -01 001 13
BR-190 1 3 627 023 10 29 01 000 011 -01 001 22
BR-191 2 3 605 018 28 13 02 005 010 -03 001 12
BR-192 2 2 406 013 11 21 04 000 017 -02 001 21
BR-193 1 2 228 024 12 13 01 000 013 -02 001 26
BR-194 3 2 289 014 23 19 04 011 021 -01 002 22
BR-195 1 2 274 022 17 29 02 007 010 -03 002 23
BR-196 3 1 709 023 24 29 01 001 010 -02 002 21
BR-197 3 1 159 013 19 25 01 011 018 -01 002 16
BR-198 1 3 959 022 29 28 03 011 023 -02 002 11
BR-199 1 3 883 016 26 19 04 003 012 -02 002 12
BR-200 1 3 626 012 13 12 04 002 020 -01 002 13
BR-201 3 2 254 013 16 12 02 010 020 -03 002 10
BR-202 1 3 355 023 17 18 04 009 018 -03 002 10
BR-203 1 3 752 021 17 13 03 003 013 -03 001 15
BR-204 2 3 398 018 17 17 04 002 009 -03 001 27
BR-205 1 2 276 013 20 16 02 005 006 -01 001 17
BR-206 2 3 324 015 18 22 01 011 013 -01 002 11
BR-207 2 2 836 019 13 11 03 009 013 -03 001 24
BR-208 1 2 951 018 27 26 03 009 018 -02 001 20
BR-209 1 1 136 016 16 24 02 011 018 -02 001 19
BR-210 3 2 166 019 29 17 02 003 021 -02 001 22
BR-211 1 1 757 016 28 23 03 000 013 -03 002 20
BR-212 2 3 848 023 15 11 04 006 009 -02 001 11
BR-213 3 2 822 017 28 23 03 009 022 -02 001 24
BR-214 3 1 856 022 24 10 01 002 010 -02 001 13
BR-215 3 3 294 023 27 18 04 005 022 -02 001 21
BR-216 2 1 892 020 11 12 01 003 020 -03 002 22
BR-217 3 3 693 018 27 19 04 010 023 -02 002 12
BR-218 3 3 816 017 27 21 01 001 012 -03 002 22
BR-219 1 2 503 019 18 10 02 001 003 -02 001 21
BR-220 2 2 888 024 17 29 02 011 021 -03 002 21
BR-221 1 2 577 022 26 20 01 000 021 -02 001 25
BR-222 2 3 518 019 29 20 04 005 012 -03 001 13
BR-223 2 3 782 018 21 12 03 001 019 -03 002 30
BR-224 2 3 247 016 13 10 03 005 008 -03 002 12
BR-225 2 2 699 016 24 17 04 002 012 -03 002 13
BR-226 3 2 558 022 24 22 04 007 019 -01 002 10
BR-227 1 3 723 015 27 18 04 008 009 -03 001 12
BR-228 2 2 267 014 23 24 04 000 015 -01 002 18
BR-229 1 2 577 024 22 17 01 004 022 -02 002 21
BR-230 2 3 631 017 15 11 03 005 011 -01 002 22
BR-231 1 3 647 021 27 20 04 011 018 -01 001 13
BR-232 3 1 976 016 15 27 01 000 015 -01 002 13
BR-233 3 2 571 012 27 13 01 003 009 -02 001 11
BR-234 1 3 303 016 29 21 03 008 014 -02 001 29
BR-235 2 1 841 014 14 18 04 001 009 -03 001 22
BR-236 2 1 620 015 29 19 03 009 023 -01 002 13
BR-237 1 2 113 022 28 10 04 007 023 -03 001 18
BR-238 1 2 212 023 17 20 03 008 020 -01 002 20
BR-239 1 1 724 013 19 12 02 005 022 -01 002 27
BR-240 3 2 108 019 20 24 01 007 009 -01 001 27
BR-241 2 2 542 013 20 23 04 004 017 -01 001 11
BR-242 1 3 829 014 27 18 04 002 012 -03 001 18
BR-243 2 3 943 012 21 10 02 007 020 -03 001 28
BR-244 3 1 177 023 22 28 04 000 001 -02 002 27
BR-245 1 2 382 015 10 23 04 011 023 -03 002 12
BR-246 3 2 353 023 20 25 03 005 023 -02 002 25
BR-247 2 3 393 019 15 25 04 002 007 -03 001 15
BR-248 3 1 516 014 26 27 01 008 017 -03 002 29
BR-249 3 3 673 013 27 23 03 000 019 -02 002 24
BR-250 1 2 555 020 18 25 01 003 021 -02 002 24
BR-251 2 3 908 017 12 17 01 003 009 -02 002 20
BR-252 3 1 608 017 15 26 03 000 001 -03 002 27
BR-253 3 1 643 018 27 29 03 005 007 -02 002 22
BR-254 2 2 818 021 16 29 03 000 013 -01 002 26
BR-255 1 1 829 023 22 27 01 007 020 -02 001 10
BR-256 1 3 760 017 29 16 02 009 017 -03 001 16
BR-257 2 2 423 017 17 20 03 000 002 -02 002 27
BR-258 3 2 413 012 20 25 03 011 020 -02 001 28
BR-259 3 1 473 014 19 13 01 001 019 -01 002 22
BR-260 2 2 635 016 12 19 04 005 006 -02 002 28
BR-261 1 2 471 022 27 14 02 006 017 -01 002 17
BR-262 2 2 666 014 24 10 01 008 023 -02 001 13
BR-263 1 2 758 015 13 20 03 002 005 -01 001 28
BR-264 2 1 329 024 22 25 01 007 022 -02 002 17
BR-265 2 2 954 014 26 27 03 010 015 -03 002 11
BR-266 1 3 478 016 25 11 03 008 020 -01 001 13
BR-267 3 3 340 015 26 29 04 011 021 -01 002 28
BR-268 2 1 562 014 25 14 01 001 003 -02 002 27
BR-269 3 3 748 022 15 20 01 000 022 -02 002 18
BR-270 2 3 804 015 25 21 02 009 015 -01 002 16
BR-271 2 3 339 014 21 11 01 009 019 -02 001 25
BR-272 1 3 706 023 10 13 04 000 016 -02 001 15
BR-273 3 2 676 024 17 17 04 003 022 -03 002 13
BR-274 2 2 718 012 10 14 02 005 013 -03 001 30
BR-275 2 3 489 013 29 21 01 002 023 -01 002 27
BR-276 2 2 645 020 18 11 03 007 009 -01 002 29
BR-277 3 2 950 014 21 13 02 011 018 -02 001 24
BR-278 2 2 570 016 12 13 03 004 017 -03 002 11
BR-279 1 1 851 021 24 21 02 001 006 -03 001 19
BR-280 1 1 774 014 28 21 04 011 012 -03 001 24
BR-281 2 2 868 016 23 28 04 011 021 -02 001 12
BR-282 2 2 412 013 12 18 02 005 006 -02 002 17
BR-283 2 3 666 014 17 27 01 009 018 -01 002 24
BR-284 1 1 366 012 11 28 02 005 011 -01 002 29
BR-285 2 2 732 023 12 28 02 011 015 -03 001 11
BR-286 1 1 936 017 23 28 02 009 017 -02 001 10
BR-287 1 2 522 013 21 16 01 011 020 -03 001 10
BR-288 1 2 528 019 28 15 03 003 018 -01 002 20
BR-289 1 2 892 021 15 20 04 007 008 -03 001 28
BR-290 2 3 263 023 14 25 03 006 014 -02 001 23
BR-291 3 2 710 023 22 10 02 000 007 -03 002 10
BR-292 2 2 561 014 10 15 04 004 014 -02 001 24
BR-293 2 1 117 014 19 13 01 007 016 -03 002 30
BR-294 3 2 495 018 25 22 03 011 013 -02 001 18
BR-295 1 2 157 020 16 14 01 005 017 -01 002 16
BR-296 1 2 976 019 23 14 02 004 017 -02 001 10
BR-297 2 2 769 020 20 17 02 008 009 -03 002 28
BR-298 2 3 722 017 21 25 04 011 015 -02 002 16
BR-299 1 2 590 019 24 19 03 006 021 -03 001 10
BR-300 3 1 419 012 10 18 04 011 022 -02 002 18
BR-301 2 1 683 021 20 18 02 000 020 -02 001 18
BR-302 2 3 675 016 15 24 04 011 013 -03 002 30
BR-303 1 3 791 015 24 27 04 007 023 -03 001 16
BR-304 2 1 405 017 15 14 04 008 017 -03 001 17
BR-305 1 1 716 023 22 23 03 001 015 -02 002 24
BR-306 3 3 155 021 13 21 02 006 014 -02 001 28
BR-307 2 2 662 014 28 11 02 004 016 -03 001 17
BR-308 2 3 243 024 20 14 04 010 012 -02 001 30
BR-309 1 2 579 014 14 24 04 007 020 -02 001 18
BR-310 1 1 916 017 23 22 04 002 023 -02 001 12
BR-311 1 2 507 020 14 14 04 009 021 -03 002 14
BR-312 1 2 716 019 15 24 04 006 007 -02 001 24
BR-313 2 2 171 023 28 11 02 003 004 -02 001 24
BR-314 1 3 705 016 24 19 01 011 015 -03 001 15
BR-315 2 1 560 024 16 20 02 002 010 -01 002 21
BR-316 2 3 125 023 10 13 03 007 021 -03 001 26
BR-317 1 3 791 012 24 24 02 006 012 -01 001 25
BR-318 1 2 358 012 17 11 04 009 015 -02 002 14
BR-319 1 2 946 018 27 23 02 005 010 -02 001 21
BR-320 2 1 271 016 27 20 04 003 010 -01 002 24
BR-321 2 3 868 015 17 12 01 001 004 -01 001 23
BR-322 3 1 565 022 28 17 04 006 011 -03 001 18
BR-323 3 2 656 017 11 27 03 006 011 -01 001 13
BR-324 3 1 439 012 10 10 02 005 006 -01 001 14
BR-325 1 1 216 017 17 24 02 007 021 -03 001 27
BR-326 1 2 274 022 19 16 03 011 018 -01 002 24
BR-327 2 2 836 018 18 20 02 003 008 -03 002 15
BR-328 3 3 943 018 29 21 01 000 015 -03 002 18
BR-329 1 1 170 018 26 21 01 005 016 -01 001 19
BR-330 2 1 341 016 26 11 03 008 012 -01 002 13
BR-331 3 1 147 014 17 16 03 004 014 -02 002 19
BR-332 3 3 372 018 14 24 04 011 019 -02 002 12
BR-333 3 1 784 019 16 19 02 006 019 -03 001 14
BR-334 3 2 418 017 16 25 04 006 016 -01 002 11
BR-335 2 2 986 016 10 25 04 005 020 -01 001 10
BR-336 3 3 783 022 22 20 01 004 022 -03 001 18
BR-337 1 1 730 023 27 26 03 007 018 -02 002 27
BR-338 3 2 673 013 15 17 01 010 018 -02 002 22
BR-339 3 3 544 018 29 22 01 005 008 -02 002 20
BR-340 3 3 262 020 24 23 01 001 016 -01 001 12
BR-341 2 1 898 014 17 27 03 009 013 -01 001 27
BR-342 2 3 977 023 14 13 02 002 015 -01 001 24
BR-343 2 2 874 021 17 22 01 009 016 -02 001 16
BR-344 2 2 824 021 22 10 02 008 014 -01 001 14
BR-345 2 3 504 023 20 17 04 001 002 -01 002 26
BR-346 2 2 338 020 24 12 03 006 011 -03 001 26
BR-347 3 1 110 022 12 12 03 007 020 -03 002 18
BR-348 2 3 574 022 23 17 02 002 020 -02 001 12
BR-349 2 1 796 024 20 20 03 007 010 -03 001 26
BR-350 2 2 940 018 11 21 04 009 015 -03 001 29
BR-351 2 3 918 022 29 29 02 006 010 -03 002 25
BR-352 1 1 186 020 17 16 02 004 017 -02 002 15
BR-353 2 3 214 020 14 25 03 005 007 -02 001 10
BR-354 3 3 488 017 11 23 03 008 015 -02 001 29
BR-355 1 3 840 015 25 22 04 009 021 -01 002 24
BR-356 2 2 374 024 19 16 02 011 012 -02 002 20
BR-357 1 3 644 022 22 15 03 009 010 -01 002 13
BR-358 3 3 219 017 25 20 02 003 005 -03 001 17
BR-359 2 2 189 019 14 23 04 004 018 -03 001 29
BR-360 1 1 629 014 28 28 02 002 003 -02 002 26
BR-361 3 1 179 023 16 25 04 006 007 -01 001 28
BR-362 1 2 856 015 10 29 03 003 019 -02 001 15
BR-363 1 2 788 019 18 11 04 001 009 -03 001 23
BR-364 1 2 955 020 23 15 01 010 013 -01 002 25
BR-365 1 3 169 017 19 29 01 004 011 -01 001 15
BR-366 3 3 377 021 17 22 02 004 019 -02 001 23
BR-367 3 3 894 019 23 26 04 005 021 -01 002 20
BR-368 1 3 177 015 22 16 01 009 018 -01 001 15
BR-369 1 3 642 018 21 24 02 003 012 -01 001 26
BR-370 2 1 608 012 22 18 01 006 017 -01 002 15
BR-371 1 2 652 024 15 15 04 007 022 -02 001 13
BR-372 1 2 832 019 19 22 02 003 012 -02 001 22
BR-373 3 2 704 022 25 25 01 000 017 -02 002 21
BR-374 3 1 259 015 20 12 03 000 023 -03 002 23
BR-375 2 1 176 018 21 29 01 002 021 -02 001 24
BR-376 3 2 949 015 18 25 02 010 022 -02 001 21
BR-377 3 3 867 023 29 24 03 007 017 -03 002 19
BR-378 2 3 305 016 17 11 04 005 020 -03 002 28
BR-379 3 1 899 024 23 27 03 000 021 -03 002 25
BR-380 1 1 981 012 16 12 02 002 023 -01 002 10
BR-381 3 2 529 014 14 21 03 005 022 -02 001 16
BR-382 1 2 109 020 22 23 02 009 017 -03 001 22
BR-383 1 2 463 018 29 24 03 009 016 -03 001 30
BR-384 3 1 862 012 17 24 03 000 012 -01 001 16
BR-385 2 1 133 019 16 13 04 009 023 -02 001 15
BR-386 2 1 248 019 13 29 03 002 010 -02 002 21
BR-387 2 2 747 021 25 20 04 001 005 -03 002 18
BR-388 3 3 560 012 20 28 03 009 011 -02 001 23
BR-389 1 1 768 016 27 18 04 001 008 -01 001 14
BR-390 1 1 555 019 17 12 04 002 021 -02 001 21
BR-391 2 3 219 021 21 15 02 003 014 -01 001 12
BR-392 3 2 798 013 21 18 01 008 011 -03 001 19
BR-393 3 3 840 020 24 17 01 004 008 -03 001 26
BR-394 2 3 193 013 22 24 03 000 002 -02 002 28
BR-395 2 3 912 015 12 26 01 005 010 -01 001 28
BR-396 3 2 519 017 21 19 02 011 019 -02 002 11
BR-397 2 2 770 023 21 23 04 000 001 -02 002 28
BR-398 3 1 687 020 20 19 02 006 009 -01 002 14
BR-399 2 2 788 017 12 17 03 004 014 -02 001 10
BR-400 3 3 702 017 12 16 04 001 023 -03 001 18
BR-401 1 1 519 024 10 21 01 003 022 -02 001 18
BR-402 1 2 645 012 15 24 01 011 012 -01 002 10
BR-403 2 2 352 014 24 10 02 010 018 -03 001 14
BR-404 2 2 746 020 24 15 01 003 017 -03 002 26
BR-405 2 1 426 023 29 27 03 011 020 -01 001 16
BR-406 2 2 642 018 24 19 04 001 002 -03 001 18
BR-407 3 3 640 014 14 14 02 002 023 -02 001 13
BR-408 1 2 244 013 22 20 01 007 019 -03 001 28
BR-409 1 3 696 017 17 21 03 009 021 -01 002 29
BR-410 2 2 858 016 11 12 04 007 017 -01 002 12
BR-411 2 3 346 023 23 23 01 006 009 -01 001 14
BR-412 2 1 656 021 29 13 02 006 021 -02 001 29
BR-413 3 2 999 021 25 19 01 003 020 -02 002 14
BR-414 3 2 313 015 11 11 02 001 010 -01 002 14
BR-415 3 1 145 015 26 25 03 007 019 -03 002 10
BR-416 2 2 660 018 25 12 04 011 021 -01 002 29
BR-417 2 1 147 024 13 23 04 011 022 -03 001 26
BR-418 3 2 527 022 16 11 02 010 016 -01 001 22
BR-419 3 2 465 014 25 21 01 004 017 -03 002 28
BR-420 3 3 717 024 12 18 02 003 004 -02 001 18
BR-421 2 2 613 017 25 18 01 009 020 -01 001 18
BR-422 3 1 354 019 17 15 03 002 020 -03 001 23
BR-423 3 3 343 017 10 22 02 004 019 -01 002 15
BR-424 2 1 932 022 28 24 04 009 020 -02 002 30
BR-425 2 3 982 024 25 15 03 008 021 -02 001 27
BR-426 2 2 187 020 10 28 04 007 009 -02 001 10
BR-427 3 3 528 013 29 19 03 003 019 -02 001 24
BR-428 2 2 987 013 20 21 03 006 018 -02 001 23
BR-429 3 2 770 017 29 12 02 005 006 -01 002 17
BR-430 3 3 455 022 19 24 03 008 020 -01 002 29
BR-431 1 2 326 020 15 13 02 004 023 -03 002 22
BR-432 3 3 827 024 12 26 02 000 020 -01 002 16
BR-433 3 3 666 012 11 24 04 008 022 -02 001 14
BR-434 2 1 641 020 25 18 01 010 017 -02 002 20
BR-435 1 2 210 020 21 24 01 011 018 -02 001 23
BR-436 1 1 237 022 23 24 03 006 014 -02 002 29
BR-437 3 2 782 019 24 22 01 007 014 -01 001 18
BR-438 1 2 126 020 27 13 01 007 010 -02 001 11
BR-439 1 1 597 021 23 28 01 009 014 -03 001 23
BR-440 3 2 975 023 23 18 02 005 023 -02 001 28
BR-441 2 1 506 024 19 19 02 000 003 -01 001 29
BR-442 3 2 943 013 29 29 03 001 002 -02 001 11
BR-443 2 3 667 017 23 22 04 004 023 -02 001 30
BR-444 1 3 292 022 16 20 01 003 008 -02 002 11
BR-445 2 1 303 021 11 28 03 011 018 -01 001 28
BR-446 3 3 762 021 28 22 04 005 018 -02 002 12
BR-447 1 1 727 023 22 19 02 006 010 -02 002 14
BR-448 1 2 477 018 17 23 03 007 017 -01 002 11
BR-449 1 3 437 017 21 27 02 002 020 -03 001 27
BR-450 2 3 994 022 20 13 02 010 012 -01 001 25
BR-451 1 2 104 012 17 25 02 000 011 -03 002 22
BR-452 1 2 810 022 28 27 04 002 023 -02 002 25
BR-453 1 3 364 014 26 28 03 011 016 -03 002 19
BR-454 2 3 714 012 20 19 02 000 018 -03 002 10
BR-455 1 3 448 012 27 10 02 009 023 -03 002 12
BR-456 2 2 406 012 25 15 04 009 023 -01 002 27
BR-457 1 3 396 014 21 15 01 009 019 -02 002 12
BR-458 3 1 603 023 28 15 03 003 014 -01 001 20
BR-459 3 1 990 019 15 20 02 004 021 -01 002 11
BR-460 1 1 179 015 20 28 01 001 003 -01 001 26
BR-461 2 1 715 024 28 10 01 009 012 -03 001 25
BR-462 3 2 348 014 12 20 02 004 010 -02 002 29
BR-463 3 2 583 018 24 10 04 011 013 -03 001 24
BR-464 1 1 547 022 24 10 03 002 011 -02 002 18
BR-465 2 2 932 023 20 28 02 010 014 -03 002 21
BR-466 3 2 877 018 16 13 03 001 003 -01 002 15
BR-467 1 2 690 016 12 27 01 009 018 -02 001 12
BR-468 2 1 890 014 13 13 04 007 015 -03 001 12
BR-469 3 2 756 013 24 15 04 009 012 -01 001 18
BR-470 1 3 424 015 15 10 03 005 011 -02 002 29
BR-471 2 3 780 016 17 15 01 002 004 -01 001 29
BR-472 1 2 163 023 14 24 01 001 015 -02 002 26
BR-473 1 2 193 023 17 24 03 008 021 -02 001 26
BR-474 2 2 747 019 28 14 01 003 010 -03 002 10
BR-475 1 2 850 012 28 24 02 000 006 -01 002 21
BR-476 2 2 824 024 14 28 03 004 021 -01 001 27
BR-477 3 3 321 019 22 10 03 007 021 -03 001 22
BR-478 3 2 818 016 29 28 02 003 016 -03 001 22
BR-479 3 3 604 016 22 21 02 006 019 -02 001 18
BR-480 2 2 705 018 12 13 04 008 020 -01 001 16
BR-481 3 3 781 023 29 10 03 003 015 -03 002 21
BR-482 2 3 202 022 24 15 02 001 003 -03 002 17
BR-483 3 2 627 023 10 16 02 011 012 -01 002 28
BR-484 1 1 246 015 22 15 02 002 014 -01 001 20
BR-485 1 1 889 023 27 25 03 003 017 -02 001 22
BR-486 1 1 641 013 11 24 03 000 007 -03 002 28
BR-487 2 2 616 016 21 23 03 001 019 -02 001 19
BR-488 3 1 518 018 20 26 01 004 007 -02 001 14
BR-489 1 2 564 016 28 13 04 001 019 -03 001 19
BR-490 3 1 650 012 24 29 02 005 023 -01 002 17
BR-491 2 2 100 020 15 26 02 005 007 -03 002 28
BR-492 2 2 735 012 29 23 02 004 019 -02 002 14
BR-493 1 2 123 019 26 18 01 006 020 -01 002 30
BR-494 3 3 103 014 26 23 02 000 010 -02 002 10
BR-495 3 3 558 013 29 13 03 010 018 -03 001 19
BR-496 1 1 764 015 16 27 02 002 006 -02 002 29
BR-497 1 2 947 017 17 14 01 011 013 -02 002 22
BR-498 1 2 899 022 17 28 02 003 006 -02 001 23
BR-499 3 1 945 021 12 28 02 001 010 -02 002 16
BR-500 3 2 619 020 22 16 02 010 023 -03 001 28
BR-501 2 1 118 020 23 18 02 007 014 -02 002 29
BR-502 1 1 400 018 16 25 01 000 020 -01 001 10
BR-503 2 1 722 015 12 24 04 008 022 -02 001 23
BR-504 3 3 880 013 16 11 04 009 017 -03 001 11
BR-505 2 2 207 015 14 15 04 004 012 -03 001 18
BR-506 1 2 442 022 29 25 03 005 009 -03 001 19
BR-507 1 2 633 019 23 10 03 003 005 -02 001 10
BR-508 1 1 705 018 13 17 02 002 017 -03 001 10
BR-509 2 1 530 018 23 20 04 006 017 -02 001 16
BR-510 3 3 737 023 15 27 04 005 021 -02 002 11
BR-511 1 3 505 016 25 11 01 006 011 -03 002 19
BR-512 1 1 311 016 11 23 01 002 023 -02 002 23
BR-513 1 3 236 019 10 16 01 009 015 -02 001 15
BR-514 3 3 481 016 14 20 03 009 015 -01 002 23
BR-515 2 1 570 016 15 23 03 010 016 -02 002 20
BR-516 1 1 205 015 26 28 04 008 022 -02 001 20
BR-517 1 1 180 022 27 28 04 009 013 -03 001 15
BR-518 1 2 190 020 19 18 02 002 009 -02 001 21
BR-519 2 2 161 024 23 27 04 003 005 -02 002 29
BR-520 3 1 113 024 13 14 01 005 006 -01 002 21
BR-521 3 2 455 018 27 17 03 005 016 -01 002 19
BR-522 3 3 327 016 28 27 03 000 023 -01 002 28
BR-523 1 3 483 020 28 19 03 005 012 -02 002 28
BR-524 1 2 392 014 26 11 03 006 020 -01 002 12
BR-525 2 3 678 019 16 13 01 005 006 -01 001 14
BR-526 1 3 780 012 19 15 03 007 022 -02 002 11
BR-527 1 3 795 019 18 21 01 006 010 -02 001 28
BR-528 1 1 221 016 21 10 03 003 011 -01 002 21
BR-529 1 2 730 022 19 11 04 000 007 -03 002 11
BR-530 1 3 427 015 18 13 01 000 014 -01 002 20
BR-531 1 2 380 023 18 11 01 007 018 -03 001 10
BR-532 1 2 664 019 25 22 04 001 020 -03 002 10
BR-533 1 3 387 018 24 16 02 011 020 -02 001 15
BR-534 3 3 792 013 15 17 02 001 013 -02 002 16
BR-535 3 1 240 022 14 28 02 005 018 -03 002 10
BR-536 2 3 525 019 10 11 02 001 015 -02 002 28
BR-537 1 3 678 016 12 10 02 005 012 -01 002 10
BR-538 3 1 441 016 10 17 04 005 011 -01 001 25
BR-539 3 1 730 019 23 18 01 004 005 -02 002 15
BR-540 1 3 446 024 12 22 03 001 023 -02 001 19
BR-541 2 3 476 021 13 25 02 006 019 -02 001 27
BR-542 3 1 203 022 12 15 03 005 014 -03 001 12
BR-543 2 3 249 022 28 12 04 008 021 -02 001 20
BR-544 1 1 410 018 28 16 03 006 018 -03 001 11
BR-545 2 3 170 019 11 12 04 000 004 -03 001 23
BR-546 3 2 857 016 27 12 02 007 008 -02 002 26
BR-547 2 2 435 019 19 15 01 002 023 -01 001 15
BR-548 2 2 898 023 26 20 03 001 009 -01 001 15
BR-549 3 2 575 013 24 11 02 003 004 -02 001 22
BR-550 3 1 777 015 12 17 02 011 020 -03 001 15
BR-551 2 3 176 022 21 27 01 003 005 -02 001 23
BR-552 1 2 287 015 17 12 02 001 016 -02 002 16
BR-553 2 3 457 023 22 15 03 004 011 -02 001 17
BR-554 1 1 777 020 22 23 03 003 022 -02 002 10
BR-555 3 2 923 012 17 10 01 007 016 -02 001 11
BR-556 2 2 239 024 11 18 04 006 022 -01 002 24
BR-557 3 1 647 016 22 15 04 003 006 -03 002 19
BR-558 1 1 580 022 24 11 04 003 016 -03 002 10
BR-559 2 1 470 024 21 28 02 006 015 -02 001 29
BR-560 2 1 465 018 28 23 01 011 012 -02 001 15
BR-561 1 1 979 015 15 11 02 006 010 -01 002 23
BR-562 1 1 744 023 16 11 03 002 007 -03 001 17
BR-563 3 3 968 021 26 14 01 008 012 -01 001 29
BR-564 2 3 141 017 18 19 01 003 005 -02 002 27
BR-565 2 1 331 016 20 25 04 009 014 -02 002 29
BR-566 3 1 802 019 23 10 03 010 022 -02 001 24
BR-567 3 3 831 020 17 11 01 007 019 -01 001 16
BR-568 1 1 430 012 23 25 03 004 014 -02 002 12
BR-569 1 1 980 020 29 15 03 010 020 -01 001 12
BR-570 3 1 584 018 10 22 01 009 011 -01 002 19
BR-571 2 3 321 021 22 20 04 000 022 -01 002 18
BR-572 1 1 361 019 28 11 02 002 011 -03 002 11
BR-573 1 3 508 021 22 16 02 001 022 -02 001 26
BR-574 1 2 695 017 11 11 03 006 014 -03 001 12
BR-575 3 1 720 018 15 12 03 006 012 -02 002 19
BR-576 3 3 876 018 12 20 02 006 016 -03 001 28
BR-577 1 3 952 016 17 16 03 010 018 -03 001 24
BR-578 1 2 406 018 28 21 02 008 009 -02 002 11
BR-579 3 2 850 017 17 18 04 007 021 -02 002 26
BR-580 2 1 342 015 28 13 04 009 019 -02 002 17
BR-581 3 1 547 024 25 10 03 000 017 -01 001 17
BR-582 2 3 709 022 10 20 01 004 022 -03 002 17
BR-583 3 3 305 020 10 25 04 010 018 -03 001 21
BR-584 1 3 373 020 27 13 01 008 010 -02 001 30
BR-585 3 1 241 023 19 18 01 008 021 -02 002 15
BR-586 1 1 282 022 15 29 03 005 014 -01 001 22
BR-587 3 1 416 021 15 16 04 007 009 -03 001 28
BR-588 3 2 916 012 27 11 04 006 019 -02 001 22
BR-589 2 3 707 012 10 10 03 011 016 -02 001 28
BR-590 2 2 180 024 20 17 01 010 023 -01 002 26
BR-591 2 3 864 018 15 22 04 011 014 -01 002 19
BR-592 1 3 488 016 20 26 02 009 015 -01 001 30
BR-593 1 2 635 018 22 26 03 008 023 -03 001 12
BR-594 1 2 353 019 23 12 03 009 017 -01 001 21
BR-595 1 2 484 020 28 10 03 006 021 -03 002 30
BR-596 1 2 449 021 18 20 04 004 009 -01 002 10
BR-597 2 1 550 021 27 18 04 010 020 -02 002 10
BR-598 1 3 504 016 11 17 03 005 011 -01 002 22
BR-599 2 2 299 014 10 19 04 006 016 -02 001 18
BR-600 1 2 343 024 10 26 02 003 004 -02 001 22
BR-601 2 2 546 019 16 16 01 006 009 -03 001 28
BR-602 3 2 922 019 12 13 04 008 023 -03 002 13
BR-603 1 3 894 019 18 29 03 011 012 -03 002 18
BR-604 2 2 753 016 14 27 03 006 010 -02 002 13
BR-605 1 1 751 018 28 12 03 011 016 -02 002 11
BR-606 2 3 836 014 25 12 02 008 023 -02 002 26
BR-607 2 1 677 015 11 17 01 006 010 -01 001 18
BR-608 2 3 952 020 11 19 04 011 013 -03 001 16
BR-609 2 2 252 013 15 28 03 004 012 -01 002 21
BR-610 3 2 533 013 17 25 02 010 011 -03 001 13
BR-611 2 2 788 017 26 29 04 006 010 -02 001 25
BR-612 3 1 380 015 15 27 02 007 021 -01 001 26
BR-613 2 2 162 012 15 13 02 005 013 -02 001 28
BR-614 2 1 726 019 20 18 03 007 020 -01 001 27
BR-615 3 1 907 022 20 22 03 001 022 -03 001 10
BR-616 3 3 825 015 27 29 02 004 023 -01 001 16
BR-617 2 1 695 013 28 25 04 001 011 -03 002 29
BR-618 3 3 552 024 24 24 01 007 009 -01 001 22
BR-619 1 3 784 018 17 24 04 001 005 -03 002 13
BR-620 1 3 649 017 28 12 04 006 018 -02 001 13
BR-621 1 2 914 020 27 10 01 001 008 -01 001 30
BR-622 1 1 695 021 22 26 02 001 011 -01 001 19
BR-623 1 1 377 023 12 13 04 008 020 -02 001 18
BR-624 1 3 485 018 26 25 04 001 010 -01 001 13
BR-625 2 1 454 023 14 12 01 003 023 -03 002 16
BR-626 1 1 591 022 20 21 01 003 014 -01 002 17
BR-627 2 3 863 012 10 27 04 006 007 -03 002 30
BR-628 2 1 809 013 26 28 04 009 016 -01 002 14
BR-629 2 1 771 016 13 27 03 007 023 -01 001 20
BR-630 3 3 362 019 19 15 02 009 020 -03 001 29
BR-631 2 1 692 023 11 11 04 009 015 -03 001 27
BR-632 1 1 718 018 26 14 03 007 009 -03 002 20
BR-633 3 2 717 022 18 28 02 002 005 -01 001 15
BR-634 2 2 159 016 14 22 02 011 018 -02 001 11
BR-635 2 2 147 012 24 27 01 003 012 -02 002 20
BR-636 1 2 137 013 27 15 02 007 022 -01 001 30
BR-637 1 1 529 023 13 26 02 001 021 -01 001 12
BR-638 3 1 363 024 18 10 01 007 022 -01 001 24
BR-639 1 2 107 020 13 28 02 006 019 -03 002 26
BR-640 1 3 491 022 15 16 01 002 019 -03 001 25
BR-641 3 1 193 022 19 18 01 008 017 -01 001 29
BR-642 1 3 924 017 28 25 03 004 011 -02 001 17
BR-643 3 1 209 016 21 10 01 011 012 -03 001 30
BR-644 2 1 533 024 21 18 04 001 004 -03 002 10
BR-645 2 3 865 020 18 23 04 006 011 -02 002 30
BR-646 2 3 786 017 13 23 04 011 021 -03 001 25
BR-647 1 1 728 020 28 14 03 008 018 -02 002 16
BR-648 3 1 946 019 28 27 01 006 015 -02 001 23
BR-649 2 3 181 023 29 18 04 005 020 -01 002 18
BR-650 1 3 258 016 13 15 02 006 010 -02 001 26
BR-651 3 3 629 023 12 18 03 000 004 -02 002 27
BR-652 1 3 621 012 19 27 02 009 015 -01 001 24
BR-653 3 1 552 013 21 26 01 004 006 -02 002 29
BR-654 1 1 641 014 12 11 02 010 020 -03 001 25
BR-655 3 3 786 018 13 18 03 005 010 -01 002 23
BR-656 2 1 385 022 13 28 04 002 020 -03 002 22
BR-657 1 2 844 020 15 18 04 010 023 -03 002 29
BR-658 2 2 650 018 20 29 04 003 010 -02 001 24
BR-659 3 2 425 022 29 20 02 001 016 -01 002 20
BR-660 3 2 208 024 12 16 02 000 014 -03 002 15
BR-661 1 3 114 020 18 12 01 009 021 -03 001 14
BR-662 1 3 788 024 19 13 02 007 017 -01 001 28
BR-663 1 3 687 016 11 17 02 005 014 -03 002 16
BR-664 3 2 608 021 15 29 02 004 020 -03 002 29
BR-665 2 2 836 021 11 16 01 004 018 -03 002 27
BR-666 1 2 569 013 27 13 01 002 010 -03 002 17
BR-667 3 1 644 019 28 27 02 006 016 -03 002 22
BR-668 3 1 590 018 26 25 02 001 011 -01 002 30
BR-669 1 1 934 016 14 26 04 005 014 -03 002 29
BR-670 2 2 984 015 28 14 03 005 013 -03 001 12
BR-671 1 2 136 019 29 18 04 005 012 -01 001 19
BR-672 3 2 419 022 20 19 03 008 009 -03 002 24
BR-673 2 2 813 019 12 26 02 009 018 -01 002 28
BR-674 2 3 411 013 25 18 03 004 018 -01 001 26
BR-675 1 3 747 021 22 18 02 011 018 -02 001 12
BR-676 2 2 276 014 14 12 04 006 007 -03 001 15
BR-677 2 2 201 015 29 17 04 006 013 -03 001 27
BR-678 1 2 670 017 16 11 03 004 017 -03 002 30
BR-679 3 1 538 017 29 25 02 010 023 -03 001 12
BR-680 2 3 721 013 11 13 01 006 016 -01 001 17
BR-681 1 2 744 023 14 29 01 011 018 -03 002 25
BR-682 3 3 734 021 25 18 01 009 015 -02 001 27
BR-683 1 1 454 021 26 14 03 002 017 -02 002 26
BR-684 2 1 420 014 20 26 03 002 018 -02 001 22
BR-685 3 1 744 022 20 18 02 003 012 -02 001 29
BR-686 1 2 818 016 12 21 01 000 013 -01 002 20
BR-687 3 3 884 012 15 17 03 011 023 -02 002 17
BR-688 1 2 394 020 17 15 01 000 009 -03 001 28
BR-689 3 3 504 022 23 24 04 008 019 -02 002 12
BR-690 1 2 580 024 16 15 03 011 015 -02 002 16
BR-691 1 1 319 017 16 25 02 007 017 -02 001 18
BR-692 3 1 624 017 22 26 04 005 020 -03 001 28
BR-693 3 1 827 021 19 17 01 007 019 -01 002 16
BR-694 3 3 712 022 23 22 01 000 002 -03 002 30
BR-695 3 3 614 020 20 19 03 001 016 -02 002 29
BR-696 2 3 663 021 24 14 03 006 023 -03 001 23
BR-697 2 3 462 012 13 19 03 003 021 -03 001 13
BR-698 2 3 972 013 15 14 02 005 023 -01 001 27
BR-699 2 1 928 021 19 10 03 001 016 -01 002 26
BR-700 3 3 454 017 26 11 02 002 017 -03 001 16
BR-701 3 2 241 016 17 17 02 000 007 -03 002 14
BR-702 2 2 607 017 16 15 04 011 015 -02 002 15
BR-703 3 3 652 016 23 17 04 011 012 -03 001 24
BR-704 1 3 844 019 25 11 03 007 009 -03 002 16
BR-705 3 3 618 014 17 15 02 006 020 -03 001 26
BR-706 3 2 811 012 20 25 01 001 016 -02 001 30
BR-707 2 3 133 020 17 18 03 007 009 -03 001 17
BR-708 3 2 197 015 25 11 03 007 013 -02 001 15
BR-709 3 3 908 024 19 12 04 003 004 -02 002 28
BR-710 1 2 551 024 27 24 03 004 023 -01 001 12
BR-711 3 3 189 019 12 17 03 000 015 -03 001 10
BR-712 2 1 350 017 12 10 02 003 006 -01 001 21
BR-713 1 3 981 022 10 26 04 009 015 -01 001 29
BR-714 1 3 196 018 25 28 02 006 012 -02 002 28
BR-715 2 3 784 024 13 20 03 008 011 -02 002 10
BR-716 2 3 169 022 27 20 04 002 010 -02 002 13
BR-717 1 1 512 019 18 13 01 006 021 -02 001 23
BR-718 3 1 323 016 22 12 01 003 018 -01 001 16
BR-719 3 3 450 014 20 26 04 009 011 -01 001 20
BR-720 3 2 843 015 12 23 01 002 010 -02 002 27
BR-721 2 1 231 016 21 17 04 009 017 -01 002 26
BR-722 2 2 558 015 22 21 04 006 007 -02 001 30
BR-723 1 3 427 016 11 15 04 009 021 -03 001 18
BR-724 2 2 473 024 11 24 04 010 015 -03 002 16
BR-725 2 3 514 016 27 18 03 003 004 -01 001 15
BR-726 1 3 232 022 29 13 02 000 015 -01 002 15
BR-727 2 3 913 013 21 14 01 011 017 -02 002 20
BR-728 1 3 300 019 23 13 03 007 018 -01 002 11
BR-729 1 2 591 012 17 16 03 001 002 -02 001 10
BR-730 3 3 717 019 19 20 04 000 022 -01 001 30
BR-731 1 1 249 022 19 18 04 004 012 -03 002 24
BR-732 2 3 127 013 11 29 01 009 016 -03 002 28
BR-733 3 1 538 015 19 14 02 005 022 -02 001 20
BR-734 3 1 378 024 10 16 01 001 020 -01 001 17
BR-735 1 3 852 017 29 24 02 006 012 -01 001 30
BR-736 3 3 935 017 13 10 01 009 019 -02 002 17
BR-737 3 3 841 017 13 23 04 008 020 -02 002 18
BR-738 2 2 472 022 17 23 02 006 019 -01 001 13
BR-739 2 3 771 017 15 10 02 000 010 -02 002 27
BR-740 1 2 269 021 17 17 04 006 011 -01 002 21
BR-741 3 1 888 015 27 16 01 004 014 -03 001 19
BR-742 2 1 492 021 23 22 04 008 009 -03 001 19
BR-743 1 1 690 012 10 23 03 002 022 -01 002 16
BR-744 2 3 465 018 11 11 03 004 007 -03 001 26
BR-745 2 2 584 021 10 17 01 000 014 -02 001 11
BR-746 2 2 856 018 11 18 02 001 008 -02 002 26
BR-747 1 3 404 014 16 11 03 004 018 -02 001 22
BR-748 1 3 998 018 27 24 01 001 015 -01 001 21
BR-749 3 2 907 019 12 28 03 000 002 -03 002 16
BR-750 1 2 795 023 11 16 03 011 022 -01 001 27
BR-751 3 3 764 016 12 19 03 007 011 -02 002 13
BR-752 2 3 426 019 24 24 02 004 018 -02 001 24
BR-753 1 2 168 019 21 21 03 004 015 -02 001 28
BR-754 2 2 614 021 14 19 01 000 011 -02 002 27
BR-755 2 2 876 022 22 29 04 001 011 -02 002 24
BR-756 3 1 724 012 28 16 01 003 005 -03 001 17
BR-757 3 2 977 023 26 22 04 005 015 -02 001 24
BR-758 2 1 959 020 28 28 01 006 017 -02 002 19
BR-759 1 3 561 023 20 29 01 009 021 -02 002 10
BR-760 2 3 865 020 19 12 04 010 021 -02 001 14
BR-761 2 1 978 018 19 27 02 004 013 -02 001 24
BR-762 1 2 466 020 10 19 04 011 016 -02 001 16
BR-763 3 3 518 018 26 11 04 006 017 -02 002 15
BR-764 2 3 213 020 11 27 04 009 022 -03 001 16
BR-765 1 2 507 021 27 11 01 006 019 -02 001 10
BR-766 3 2 105 013 26 15 04 004 010 -01 001 25
BR-767 2 3 135 019 11 11 04 009 021 -03 001 21
BR-768 3 1 627 012 14 27 03 011 015 -03 002 12
BR-769 3 2 652 021 12 28 02 000 006 -03 001 15
BR-770 1 1 317 020 18 26 02 004 022 -02 002 27
BR-771 1 3 427 012 27 20 02 005 010 -03 001 27
BR-772 3 2 552 013 12 12 03 000 013 -02 002 15
BR-773 1 1 228 012 11 18 01 003 007 -01 002 29
BR-774 3 1 219 020 20 15 02 001 018 -02 001 13
BR-775 1 3 882 013 27 16 01 007 009 -03 002 18
BR-776 2 3 632 019 22 10 02 009 010 -03 001 19
BR-777 2 2 331 023 16 29 03 008 013 -01 002 15
BR-778 2 1 537 016 18 11 02 004 013 -01 002 16
BR-779 2 3 933 015 13 20 04 006 017 -01 001 25
BR-780 2 2 480 021 12 12 01 007 023 -03 001 23
BR-781 3 3 889 020 14 27 03 002 010 -02 001 13
BR-782 3 2 170 024 28 20 01 009 019 -03 002 29
BR-783 1 3 226 014 18 23 03 010 015 -01 002 19
BR-784 3 2 428 016 11 16 03 004 019 -03 001 25
BR-785 2 2 802 023 11 18 01 008 023 -02 001 13
BR-786 3 1 602 012 14 26 04 010 011 -01 002 22
BR-787 3 1 615 018 11 17 01 003 013 -01 001 24
BR-788 3 3 631 022 21 16 03 003 018 -01 001 15
BR-789 3 3 548 014 12 19 01 006 021 -01 001 16
BR-790 3 1 997 019 27 10 03 003 021 -01 002 23
BR-791 3 3 844 016 21 23 02 010 018 -02 001 26
BR-792 1 1 146 017 13 19 02 010 023 -03 001 14
BR-793 2 3 958 021 22 24 04 004 012 -01 002 30
BR-794 1 3 665 021 25 14 03 006 013 -02 002 17
BR-795 1 2 660 023 21 15 02 001 010 -03 001 12
BR-796 1 3 108 019 13 21 03 002 016 -01 002 29
BR-797 1 2 433 013 21 13 04 009 016 -03 002 28
BR-798 1 1 692 018 21 12 02 001 023 -02 002 24
BR-799 3 1 500 016 25 15 04 010 013 -01 001 21
BR-800 1 1 732 020 28 20 04 009 018 -01 001 16
BR-801 3 3 661 020 28 16 04 006 011 -01 002 29
BR-802 1 1 262 024 10 18 03 001 003 -02 002 22
BR-803 1 2 941 013 16 29 02 009 022 -01 002 29
BR-804 2 2 632 016 20 28 04 008 012 -03 002 14
BR-805 2 2 938 021 23 21 02 000 009 -02 001 29
BR-806 3 3 802 018 13 24 04 006 016 -02 002 13
BR-807 3 2 375 019 12 27 03 001 023 -01 001 28
BR-808 1 1 887 012 18 25 01 006 012 -01 002 18
BR-809 2 1 868 014 10 18 04 009 010 -02 001 20
BR-810 2 2 330 020 18 20 01 003 012 -01 002 12
BR-811 1 2 528 019 22 16 03 011 015 -02 002 19
BR-812 3 1 218 020 19 10 01 007 010 -01 001 17
BR-813 1 2 205 022 28 17 04 000 006 -03 002 27
BR-814 1 3 613 019 15 21 02 006 018 -01 002 12
BR-815 2 3 819 015 18 25 01 008 015 -03 001 24
BR-816 3 3 177 014 23 17 04 005 013 -02 002 15
BR-817 2 3 113 015 16 11 04 008 012 -03 001 24
BR-818 3 2 506 016 20 24 01 006 019 -02 002 13
BR-819 1 2 435 016 18 20 04 000 013 -02 002 16
BR-820 1 3 250 021 29 14 02 006 023 -01 001 12
BR-821 2 1 922 019 16 10 01 010 020 -02 001 23
BR-822 2 3 807 016 23 25 04 007 022 -03 002 30
BR-823 2 2 871 023 23 15 01 006 021 -01 002 17
BR-824 3 2 152 013 20 21 04 002 020 -01 001 16
BR-825 2 2 317 014 15 27 01 008 014 -03 001 11
BR-826 1 2 546 017 22 28 03 003 013 -03 002 24
BR-827 1 1 658 015 28 23 04 003 014 -01 002 21
BR-828 2 3 771 015 17 27 04 010 018 -02 001 10
BR-829 3 1 604 014 15 22 02 004 009 -01 002 29
BR-830 1 2 332 017 26 18 03 003 020 -01 002 10
BR-831 1 3 913 016 29 18 03 007 016 -02 002 23
BR-832 3 1 901 021 23 22 04 008 010 -03 002 21
BR-833 1 3 510 016 19 10 01 008 010 -01 001 21
BR-834 2 2 776 013 14 12 02 009 022 -01 002 12
BR-835 2 3 943 022 13 28 02 001 002 -03 001 24
BR-836 2 1 445 024 12 16 04 004 022 -02 002 29
BR-837 1 2 693 013 11 11 02 005 010 -03 001 25
BR-838 3 2 375 013 23 19 04 009 018 -01 002 22
BR-839 2 1 711 012 21 19 02 006 019 -03 001 16
BR-840 3 1 809 015 24 11 04 008 019 -03 002 24
BR-841 3 1 344 016 27 25 04 001 013 -03 001 19
BR-842 1 2 294 013 25 19 02 006 013 -03 002 29
BR-843 3 1 521 024 28 28 04 004 020 -01 001 17
BR-844 1 3 294 012 17 16 01 006 015 -03 001 29
BR-845 1 2 983 021 20 26 02 006 023 -03 002 10
BR-846 1 2 332 014 28 27 04 003 005 -01 001 28
BR-847 3 3 783 024 12 18 04 007 011 -02 002 13
BR-848 1 3 341 016 14 13 01 006 015 -01 002 20
BR-849 1 3 963 021 28 14 01 010 012 -03 002 25
BR-850 2 2 755 017 24 12 04 011 017 -03 001 14
BR-851 2 2 823 015 22 13 03 008 023 -02 002 11
BR-852 2 1 418 014 28 10 04 001 022 -03 001 29
BR-853 3 2 932 016 13 27 02 001 021 -02 002 20
BR-854 1 2 186 020 11 22 03 007 009 -03 002 14
BR-855 2 3 139 015 26 23 02 010 011 -02 001 25
BR-856 3 1 645 015 11 12 04 006 020 -01 002 16
BR-857 1 1 584 012 22 22 04 003 005 -01 002 18
BR-858 3 2 648 014 17 20 02 002 016 -03 002 16
BR-859 1 2 373 019 23 29 01 003 010 -01 002 27
BR-860 1 2 849 021 26 24 02 003 014 -03 002 28
BR-861 2 1 289 017 18 16 03 007 012 -03 002 22
BR-862 2 3 305 022 17 15 01 007 020 -01 002 18
BR-863 3 2 316 018 26 12 02 007 022 -02 002 11
BR-864 1 3 227 012 29 12 04 000 020 -01 002 23
BR-865 2 1 830 012 21 16 03 007 019 -01 002 29
BR-866 3 2 213 022 29 20 02 001 008 -03 001 22
BR-867 2 2 110 016 26 27 03 001 015 -01 002 30
BR-868 1 2 350 022 11 26 04 001 009 -03 002 11
BR-869 1 3 304 021 21 17 03 009 012 -03 002 27
BR-870 2 2 130 014 11 21 03 009 021 -02 002 19
BR-871 1 1 103 014 26 17 01 009 011 -03 001 25
BR-872 1 3 129 015 26 20 03 001 020 -03 001 24
BR-873 3 3 920 020 24 18 02 003 010 -03 002 28
BR-874 2 1 824 022 22 22 02 004 023 -03 002 29
BR-875 1 1 850 024 17 27 03 004 012 -03 001 15
BR-876 2 1 531 013 19 27 01 007 021 -02 002 21
BR-877 3 1 150 015 18 15 01 003 022 -02 002 17
BR-878 3 2 688 018 18 25 03 011 017 -02 002 13
BR-879 2 2 394 012 20 12 03 000 001 -03 001 21
BR-880 1 1 649 020 16 26 02 010 012 -03 001 18
BR-881 1 1 209 016 15 21 02 000 010 -01 001 12
BR-882 1 3 610 014 22 27 04 000 015 -02 002 12
BR-883 1 2 226 021 25 10 04 001 006 -01 001 13
BR-884 3 1 808 016 27 14 02 005 009 -01 002 19
BR-885 2 1 169 013 13 27 01 009 011 -03 002 11
BR-886 2 2 787 016 10 23 03 006 008 -01 002 22
BR-887 3 3 857 018 26 16 01 008 009 -02 001 23
BR-888 3 2 850 017 21 15 04 005 011 -03 002 19
BR-889 2 3 780 020 14 24 02 004 014 -02 002 17
BR-890 1 3 882 013 21 22 04 008 014 -02 001 10
BR-891 1 2 291 017 18 21 02 004 022 -03 001 27
BR-892 1 3 348 022 11 21 01 008 019 -03 001 16
BR-893 1 1 828 016 28 26 04 007 013 -03 002 13
BR-894 1 1 475 014 16 12 01 000 008 -02 002 28
BR-895 3 3 543 019 24 13 03 004 023 -03 001 16
BR-896 3 2 164 012 13 28 04 004 008 -03 001 16
BR-897 2 3 604 016 16 29 01 001 009 -01 001 23
BR-898 2 3 209 021 23 11 03 011 022 -02 001 27
BR-899 3 1 638 017 24 12 02 003 021 -02 002 18
BR-900 2 3 878 016 23 10 02 000 008 -02 002 23
BR-901 1 1 463 016 22 28 01 003 012 -01 002 15
BR-902 1 3 168 023 29 26 01 007 010 -02 002 24
BR-903 3 2 977 016 29 22 01 003 009 -01 002 19
BR-904 1 1 334 014 20 28 02 008 010 -03 001 16
BR-905 2 1 949 014 23 13 01 008 009 -01 002 24
BR-906 2 3 822 014 11 10 01 004 010 -02 002 15
BR-907 2 2 375 015 24 15 04 010 013 -03 001 24
BR-908 1 2 586 022 11 15 02 006 013 -03 001 28
BR-909 3 2 238 023 26 27 03 000 015 -01 001 18
BR-910 2 2 890 022 11 27 02 003 009 -01 001 28
BR-911 1 3 682 023 20 21 03 001 020 -01 002 12
BR-912 3 3 770 023 27 16 02 011 013 -01 002 15
BR-913 2 3 107 013 10 13 01 009 016 -02 001 10
BR-914 2 1 147 022 23 22 04 007 013 -01 002 19
BR-915 1 2 151 015 11 22 02 002 015 -02 002 18
BR-916 2 2 550 015 10 19 02 005 016 -03 002 23
BR-917 2 3 752 019 17 25 02 003 018 -01 001 26
BR-918 3 3 905 012 27 18 03 006 007 -03 002 30
BR-919 2 3 953 015 22 14 03 007 020 -02 001 10
BR-920 1 3 907 022 14 20 01 008 021 -03 002 10
BR-921 2 3 495 020 29 25 02 005 022 -02 001 30
BR-922 3 1 482 020 14 19 03 002 016 -01 002 23
BR-923 1 2 797 016 28 13 04 008 020 -02 001 19
BR-924 3 1 733 016 15 17 02 010 021 -03 002 26
BR-925 2 2 337 024 29 10 03 009 023 -03 001 12
BR-926 2 3 446 016 12 15 04 008 015 -03 002 27
BR-927 1 1 918 024 18 23 03 004 007 -02 002 25
BR-928 1 3 524 019 29 27 03 007 022 -02 001 13
BR-929 3 1 280 020 15 12 03 007 014 -02 001 24
BR-930 3 3 637 022 28 17 02 001 014 -03 002 17
BR-931 2 2 184 012 19 29 01 010 021 -01 002 30
BR-932 1 1 683 022 23 18 02 005 016 -01 002 10
BR-933 1 2 835 024 15 24 02 009 011 -01 001 29
BR-934 3 2 835 019 25 22 04 003 019 -01 002 13
BR-935 2 3 933 020 12 27 01 008 011 -02 001 17
BR-936 2 3 246 013 20 27 01 005 018 -03 002 14
BR-937 3 3 977 018 10 15 02 005 011 -03 001 29
BR-938 3 3 477 019 16 25 02 005 013 -03 002 14
BR-939 2 2 288 024 26 11 03 003 017 -02 001 15
BR-940 3 1 384 020 17 10 03 006 022 -01 001 15
BR-941 1 1 500 019 16 27 02 006 007 -02 001 21
BR-942 2 2 208 023 16 18 04 002 005 -01 002 27
BR-943 1 2 516 012 25 15 01 001 009 -03 001 26
BR-944 2 3 351 018 15 21 02 008 010 -01 001 27
BR-945 3 3 182 016 18 29 02 010 013 -01 002 20
BR-946 3 2 988 019 23 13 02 002 006 -02 001 14
BR-947 2 1 733 019 14 17 03 003 008 -03 002 20
BR-948 3 2 347 023 17 17 01 003 007 -03 002 11
BR-949 3 1 678 019 11 12 01 001 009 -02 001 17
BR-950 1 3 319 018 26 24 01 000 018 -03 002 23
BR-951 2 3 847 023 28 21 03 003 013 -02 001 19
BR-952 3 2 573 012 14 14 04 003 012 -02 002 16
BR-953 3 1 634 014 26 21 03 002 005 -03 001 23
BR-954 2 1 342 017 27 17 02 011 021 -02 001 20
BR-955 1 1 435 015 18 14 02 009 013 -01 001 13
BR-956 1 2 163 016 11 28 04 011 020 -01 002 22
BR-957 1 1 422 014 21 28 02 009 020 -03 001 23
BR-958 1 3 120 020 18 11 01 007 014 -03 001 25
BR-959 3 3 407 023 11 23 03 002 008 -01 001 18
BR-960 3 1 374 018 23 21 04 011 016 -02 001 19
BR-961 1 3 487 022 21 25 02 001 013 -02 002 11
BR-962 2 3 168 018 21 18 01 010 016 -03 001 21
BR-963 1 1 204 015 12 11 02 001 023 -02 002 18
BR-964 2 1 719 021 20 24 03 000 008 -01 001 21
BR-965 2 2 245 024 13 28 01 001 003 -01 001 17
BR-966 1 1 752 023 18 17 04 006 018 -01 002 18
BR-967 2 1 543 023 20 16 03 010 020 -03 002 20
BR-968 3 1 150 023 19 22 02 001 013 -03 001 26
BR-969 1 3 348 012 15 23 01 011 023 -03 002 27
BR-970 3 2 140 021 20 17 03 004 006 -02 002 20
BR-971 3 1 592 021 18 10 02 002 014 -03 002 12
BR-972 1 2 336 022 24 17 01 005 023 -03 002 22
BR-973 3 3 783 019 20 20 01 001 022 -02 001 26
BR-974 2 2 721 021 18 21 03 002 016 -01 002 22
BR-975 3 1 182 016 21 17 01 001 023 -01 001 25
BR-976 1 1 648 014 12 19 04 000 012 -01 001 30
BR-977 2 3 898 019 28 24 03 007 014 -01 002 22
BR-978 3 1 707 020 18 24 04 011 023 -02 001 11
BR-979 2 3 893 020 19 20 04 005 022 -01 002 23
BR-980 2 1 666 016 17 13 02 006 021 -03 001 28
BR-981 2 1 770 021 10 21 03 009 015 -03 002 10
BR-982 1 2 303 017 23 22 01 011 013 -03 001 14
BR-983 1 3 104 018 29 26 03 007 023 -02 001 21
BR-984 1 2 942 017 10 12 04 003 009 -03 001 13
BR-985 1 3 385 013 27 17 03 008 013 -01 001 13
BR-986 1 2 225 024 25 24 02 011 016 -03 002 12
BR-987 2 3 716 013 12 12 02 003 022 -03 002 21
BR-988 3 2 739 012 14 24 03 009 018 -03 002 26
BR-989 3 1 237 014 23 13 02 004 006 -01 001 17
BR-990 2 3 887 024 14 22 03 000 020 -03 002 26
BR-991 3 1 261 022 17 12 04 003 023 -02 001 11
BR-992 2 1 195 020 17 12 01 008 022 -03 001 26
BR-993 2 3 307 018 16 22 02 011 019 -03 002 17
BR-994 1 3 849 016 12 19 04 006 013 -02 002 23
BR-995 3 3 185 021 15 14 01 009 016 -01 002 16
BR-996 3 3 146 022 16 29 04 009 020 -01 001 11
BR-997 2 1 321 015 11 24 02 005 009 -03 002 13
BR-998 2 2 410 022 16 24 04 002 006 -02 001 10
BR-999 3 3 192 014 24 16 02 009 021 -03 001 28
BR-1000 1 1 607 021 22 25 02 011 016 -03 002 16
BR-1001 2 2 183 015 29 22 03 005 012 -02 001 29
BR-1002 2 1 727 022 14 23 03 009 021 -01 002 27
BR-1003 1 3 247 013 26 25 03 000 013 -01 001 22
BR-1004 3 1 930 021 14 18 03 007 019 -03 002 14
BR-1005 3 2 705 014 13 10 02 009 023 -03 001 21
BR-1006 1 1 976 024 11 26 02 003 020 -02 001 14
BR-1007 3 3 813 022 14 17 04 001 003 -02 002 22
BR-1008 1 1 715 017 14 21 04 004 006 -01 002 14
BR-1009 1 1 611 016 12 25 04 000 014 -01 001 30
BR-1010 3 3 255 019 25 24 03 010 019 -02 001 29
BR-1011 2 2 181 019 17 19 02 011 017 -02 002 25
BR-1012 1 2 808 019 16 29 04 011 015 -03 002 26
BR-1013 3 1 128 014 25 10 04 002 017 -02 001 24
BR-1014 2 2 657 020 19 10 04 007 009 -03 002 28
BR-1015 1 2 497 023 29 17 04 005 014 -02 002 29
BR-1016 3 3 757 016 16 29 02 008 012 -02 001 17
BR-1017 2 1 736 017 12 14 04 009 018 -03 002 27
BR-1018 2 1 554 012 19 17 03 004 010 -02 001 25
BR-1019 1 1 361 016 24 27 03 005 009 -01 002 28
BR-1020 2 2 701 014 17 26 03 009 017 -03 001 17
BR-1021 3 3 608 014 17 25 03 003 022 -01 001 29
BR-1022 3 2 436 020 21 19 01 001 003 -02 002 11
BR-1023 1 3 610 023 23 12 02 009 021 -02 002 25
BR-1024 1 1 140 016 23 26 02 003 007 -01 002 17
BR-1025 2 3 564 018 29 29 01 006 022 -03 001 26
BR-1026 1 2 577 020 16 27 04 004 014 -03 001 10
BR-1027 3 2 611 024 21 10 04 000 013 -03 001 14
BR-1028 3 2 204 024 10 15 01 001 002 -01 001 25
BR-1029 3 3 261 022 19 17 04 005 008 -01 002 12
BR-1030 1 3 349 024 23 29 04 008 011 -03 001 14
BR-1031 2 2 790 022 13 20 02 004 009 -02 002 12
BR-1032 3 1 674 021 10 29 03 006 010 -03 001 10
BR-1033 1 3 940 014 25 23 02 008 013 -02 001 17
BR-1034 1 2 990 013 25 26 04 002 022 -01 002 13
BR-1035 2 3 450 017 25 12 03 010 020 -01 002 18
BR-1036 2 3 106 016 12 22 02 011 022 -01 001 26
BR-1037 2 3 632 024 13 12 01 004 011 -01 002 12
BR-1038 1 2 989 022 10 29 01 001 007 -03 001 29
BR-1039 2 2 273 022 22 26 02 001 020 -01 002 13
BR-1040 2 2 900 018 17 18 02 003 022 -02 001 22
BR-1041 2 2 636 013 18 26 01 009 017 -01 001 28
BR-1042 2 1 391 021 26 25 04 002 013 -02 001 22
BR-1043 2 1 892 018 23 21 03 000 006 -02 002 24
BR-1044 1 3 494 023 21 20 01 005 010 -03 001 24
BR-1045 1 3 586 024 26 25 04 007 012 -01 002 17
BR-1046 3 1 213 020 10 17 04 010 018 -01 001 24
BR-1047 2 3 215 019 24 26 03 008 023 -03 002 20
BR-1048 2 2 967 012 28 14 03 008 009 -03 002 26
BR-1049 2 3 502 021 18 25 02 002 017 -02 001 10
BR-1050 1 2 146 024 17 21 03 011 014 -01 001 21
BR-1051 3 3 633 019 28 22 04 006 010 -01 001 12
BR-1052 2 3 357 024 28 14 04 006 011 -01 002 26
BR-1053 3 1 515 012 24 26 04 004 018 -03 001 11
BR-1054 2 1 612 014 18 26 01 004 020 -03 001 13
BR-1055 1 2 882 021 15 20 03 000 007 -02 001 29
BR-1056 1 3 616 017 28 10 04 006 008 -03 002 25
BR-1057 2 3 296 013 23 17 04 003 006 -03 002 29
BR-1058 1 2 366 016 23 18 03 000 021 -02 001 24
BR-1059 3 3 155 020 17 14 01 000 006 -01 001 16
BR-1060 3 1 497 018 10 10 03 003 005 -02 002 23
BR-1061 2 1 119 023 13 18 04 009 019 -03 002 16
BR-1062 3 3 153 017 27 21 03 011 013 -03 002 26
BR-1063 3 2 122 016 16 26 01 009 023 -01 002 13
BR-1064 1 2 840 024 10 18 01 000 009 -03 001 21
BR-1065 2 1 301 013 28 25 02 000 003 -02 001 26
BR-1066 1 3 861 014 25 17 01 006 011 -02 002 18
BR-1067 3 3 276 020 12 17 02 008 016 -02 002 12
BR-1068 2 1 378 023 23 19 04 006 009 -02 002 14
BR-1069 3 2 702 022 22 22 02 001 019 -03 002 21
BR-1070 1 1 977 016 18 23 02 001 018 -02 002 15
BR-1071 2 2 244 013 17 17 04 009 011 -02 002 15
BR-1072 2 2 686 021 11 29 04 007 022 -02 001 29
BR-1073 3 2 899 018 21 14 03 011 016 -03 001 19
BR-1074 2 1 396 016 27 14 02 009 011 -01 001 11
BR-1075 2 1 472 013 22 14 04 007 014 -03 002 27
BR-1076 2 1 555 020 29 19 02 000 005 -01 001 19
BR-1077 3 3 176 022 22 25 01 011 021 -01 001 27
BR-1078 2 2 140 022 12 22 04 010 023 -03 001 21
BR-1079 2 2 581 021 21 24 04 011 021 -01 002 14
BR-1080 1 2 407 013 13 21 04 006 020 -02 002 23
BR-1081 1 1 456 021 12 15 01 006 012 -03 002 25
BR-1082 2 3 576 015 14 29 03 003 016 -02 002 12
BR-1083 2 3 246 014 28 15 04 002 020 -03 002 25
BR-1084 3 3 227 015 16 14 02 008 014 -03 002 23
BR-1085 3 3 120 024 17 12 01 010 011 -02 001 11
BR-1086 2 2 287 021 10 17 01 004 006 -03 002 11
BR-1087 2 1 991 019 27 13 02 003 017 -01 002 30
BR-1088 2 3 396 021 29 18 04 008 021 -03 001 19
BR-1089 2 1 787 021 11 25 04 000 015 -02 001 17
BR-1090 1 2 288 023 28 12 01 004 017 -03 001 20
BR-1091 1 2 868 024 19 24 01 005 020 -03 001 30
BR-1092 3 3 638 012 13 19 02 011 013 -03 002 21
BR-1093 3 3 734 012 10 10 04 009 015 -03 002 19
BR-1094 2 3 659 012 18 21 01 004 014 -03 002 21
BR-1095 2 1 986 016 25 23 04 010 017 -03 002 14
BR-1096 2 3 594 017 12 23 04 004 020 -01 002 23
BR-1097 3 3 939 015 29 11 04 002 022 -01 001 22
BR-1098 1 3 461 020 28 17 04 005 020 -01 002 24
BR-1099 1 1 308 020 24 27 03 009 020 -02 002 17
